25.0 25.0 100.0 40 60.0 Just_for_fun 79 2 n
24.0 24.0 100.0 69 31.0 Movies 79 2 n
25.0 25.0 100.0 91 9.0 Movies 79 2 n
13.0 15.0 86.6666666667 77 9.66666666667 Movies 79 1 n
11.0 20.0 55.0 75 -20.0 History 79 2 n
17.0 18.0 94.4444444444 87 7.44444444444 Movies 79 3 n
14.0 20.0 70.0 56 14.0 Entertainment 79 3 n
21.0 25.0 84.0 69 15.0 Entertainment 79 2 n
10.0 14.0 71.4285714286 71 0.428571428571 Television 77 2 n
16.0 20.0 80.0 66 14.0 Just_for_fun 77 2 n
10.0 10.0 100.0 87 13.0 Miscellaneous 79 1 n
15.0 20.0 75.0 56 19.0 Gaming 77 2 n
22.0 22.0 100.0 90 10.0 Miscellaneous 77 2 n
13.0 15.0 86.6666666667 80 6.66666666667 Music 77 2 n
10.0 10.0 100.0 86 14.0 Language 77 2 n
6.0 8.0 75.0 62 13.0 Movies 77 2 n
19.0 20.0 95.0 76 19.0 Entertainment 77 2 n
7.0 8.0 87.5 75 12.5 Movies 77 2 n
12.0 16.0 75.0 67 8.0 Geography 77 2 y
4.0 4.0 100.0 94 6.0 Music 77 2 n
11.0 11.0 100.0 46 54.0 Science 79 1 n
22.0 25.0 88.0 77 11.0 Language 77 2 n
17.0 20.0 85.0 73 12.0 Entertainment 77 2 n
24.0 25.0 96.0 90 6.0 Holiday 77 2 n
9.0 31.0 29.0322580645 37 -7.96774193548 Geography 77 2 n
17.0 20.0 85.0 76 9.0 Just_for_fun 77 2 n
21.0 25.0 84.0 81 3.0 Television 77 2 n
19.0 20.0 95.0 72 23.0 Language 77 2 n
19.0 20.0 95.0 75 20.0 Just_for_fun 77 2 n
10.0 24.0 41.6666666667 57 -15.3333333333 Movies 77 2 n
23.0 30.0 76.6666666667 77 -0.333333333333 Just_for_fun 77 2 n
17.0 35.0 48.5714285714 41 7.57142857143 Movies 77 2 n
29.0 60.0 48.3333333333 47 1.33333333333 Miscellaneous 77 2 n
10.0 13.0 76.9230769230769 80.0 -3.07692307692307 Miscellaneous 77 2 n
19.0 20.0 95.0	87.0 8.0 Movies 78 2 n
14.0 20.0 70.0 55.0 15.0 Entertainment 78 3 n
19.0 24.0 79.1666666666667 67.0 12.1666666666667 Movies 78 2 n
24.0 24.0 100.0 84.0 16.0 Entertainment 78 2 n
43.0 48.0 89.5833333333333 75.0 14.5833333333333 Movies 78 2 n	
21.0 40.0 52.5 43.0 9.5 Miscellaneous 78 2 n	
9.0 16.0 56.25 62.0 -5.75 Movies 78 2 n	
20.0 21.0 95.2380952380952 68.0 27.2380952380952 Miscellaneous 78 2 n	
32.0 33.0 96.969696969697 88.0 8.96969696969697 Music 78 2 n
86.0 95.0 90.5263157894737 58.0 32.5263157894737 Miscellaneous 78 3 n	
23.0 26.0 88.4615384615385 81.0 7.46153846153845 Language 78 3 n	
9.0 20.0 45.0 56.0 -11.0 Language 78 2 n	
20.0 20.0 100.0 75.0 25.0 Science 78 3 n
18.0 20.0 90.0 81.0 9.0 Entertainment 78 3 n
16.0 20.0 80.0 85 -5.0 Movies 80 2 n
30.0 32.0 93.75 91 2.75 Music 80 2 n
13.0 15.0 86.6666666667 70 16.6666666667 Literature 80 2 n
92.0 100.0 92.0 84 8.0 Geography 80 2 n
8.0 18.0 44.4444444444 55 -10.5555555556 Movies 80 2 n
26.0 30.0 86.6666666667 62 24.6666666667 Language 80 2 n
11.0 20.0 55.0 55 7.1054273576e-15 Geography 84 2 n
13.0 16.0 81.25 88 -6.75 Miscellaneous 84 2 n
25.0 35.0 71.4285714286 60 11.4285714286 Literature 84 2 n
16.0 24.0 66.6666666667 42 24.6666666667 Television 84 5 n
35.0 40.0 87.5 75 12.5 Miscellaneous 84 4 n
13.0 25.0 52.0 32 20.0 Miscellaneous 84 4 n
18.0 26.0 69.2307692308 70 -0.769230769231 Language 84 4 n
29.0 30.0 96.6666666667 90 6.66666666667 Language 84 2 n
28.0 28.0 100.0 92 8.0 Miscellaneous 84 2 n
11.0 25.0 44.0 45 -1.0 Music 84 2 n
13.0 18.0 72.2222222222 53 19.2222222222 Television 84 2 n
10.0 16.0 62.5 73 -10.5 Geography 84 3 n
20.0 28.0 71.4285714286 64 7.42857142857 Geography 85 4 n
8.0 16.0 50.0 54 -4.0 Language 85 5 n
19.0 20.0 95.0 89 6.0 Just_for_fun 85 4 n
15.0 15.0 100.0 51 49.0 Gaming 85 4 n
12.0 16.0 75.0 78 -3.0 Just_for_fun 85 4 n
14.0 15.0 93.3333333333 59 34.3333333333 Language 85 4 n
13.0 18.0 72.2222222222 71 1.22222222222 Entertainment 85 4 n
8.0 10.0 80.0 59 21.0 Geography 86 2 n
9.0 10.0 90.0 64 26.0 Geography 86 2 n
16.0 18.0 88.8888888889 78 10.8888888889 Movies 86 2 n
13.0 24.0 54.1666666667 51 3.16666666667 Just_for_fun 86 2 n
13.0 20.0 65.0 47 18.0 Television 86 2 n
15.0 16.0 93.75 76 17.75 Just_for_fun 86 2 n
22.0 22.0 100.0 76 24.0 Television 86 2 n
26.0 26.0 100.0 66 34.0 Movies 86 2 n
42.0 47.0 89.3617021277 89 0.36170212766 Geography 87 1 n
14.0 26.0 53.8461538462 54 -0.153846153846 Miscellaneous 87 1 n
48.0 60.0 80.0 58 22.0 Language 87 1 n
9.0 10.0 90.0 66 24.0 Just_for_fun 87 1 n
18.0 20.0 90.0 74 16.0 Geography 87 3 n
14.0 20.0 70.0 53 17.0 Gaming 87 3 n
10.0 10.0 100.0 65 35.0 Gaming 87 3 n
12.0 20.0 60.0 44 16.0 Television 87 3 n
14.0 15.0 93.3333333333 75 18.3333333333 Gaming 87 2 n
11.0 12.0 91.6666666667 87 4.66666666667 Science 87 2 n
32.0 38.0 84.2105263158 70 14.2105263158 Geography 87 4 n
10.0 17.0 58.8235294118 66 -7.17647058824 Geography 87 4 n
13.0 14.0 92.8571428571 33 59.8571428571 History 87 4 n
17.0 24.0 70.8333333333 39 31.8333333333 Movies 87 4 n
29.0 30.0 96.6666666667 79 17.6666666667 Movies 87 3 n
28.0 85.0 32.9411764706 40 -7.05882352941 Television 87 3 n
19.0 24.0 79.1666666667 60 19.1666666667 Movies 87 3 n
14.0 20.0 70.0 54 16.0 Geography 87 3 y
20.0 20.0 100.0 72 28.0 Movies 90 2 n
5.0 14.0 35.7142857143 75 -39.2857142857 Geography 90 2 n
13.0 27.0 48.1481481481 40 8.14814814815 History 90 1 n
12.0 20.0 60.0 80 -20.0 Music 90 2 n
19.0 22.0 86.3636363636 77 9.36363636364 Science 90 2 n
28.0 28.0 100.0 82 18.0 Geography 90 2 n
18.0 18.0 100.0 93 7.0 Just_for_fun 90 2 n
19.0 20.0 95.0 62 33.0 Science 90 2 n
6.0 9.0 66.6666666667 63 3.66666666667 History 90 2 n
20.0 20.0 100.0 84 16.0 Just_for_fun 90 2 n
8.0 13.0 61.5384615385 35 26.5384615385 Holiday 90 2 n
53.0 56.0 94.6428571429 84 10.6428571429 Language 90 2 n
28.0 28.0 100.0 84 16.0 Science 94 2 n
201.0 300.0 67.0 58 9.0 Miscellaneous 94 2 n
26.0 30.0 86.6666666667 66 20.6666666667 Science 94 2 n
8.0 15.0 53.3333333333 65 -11.6666666667 Entertainment 94 2 n
25.0 52.0 48.0769230769 60 -11.9230769231 Geography 94 2 n
11.0 20.0 55.0 59 -4.0 History 94 2 n
8.0 10.0 80.0 77 3.0 History 94 2 n
20.0 20.0 100.0 76 24.0 Geography 94 2 n
22.0 26.0 84.6153846154 81 3.61538461538 Just_for_fun 94 2 n
21.0 22.0 95.4545454545 87 8.45454545455 Geography 94 2 n
126.0 151.0 83.4437086093 68 15.4437086093 Gaming 94 2 n
21.0 25.0 84.0 60 24.0 Movies 94 2 n
13.0 26.0 50.0 56 -6.0 Miscellaneous 94 2 n
20.0 24.0 83.3333333333 61 22.3333333333 Miscellaneous 94 2 n
11.0 11.0 100.0 68 32.0 Just_for_fun 94 2 n
19.0 20.0 95.0 75 20.0 Just_for_fun 94 2 n
14.0 34.0 41.1764705882 48 -6.82352941176 Music 94 2 n
24.0 25.0 96.0 83 13.0 Just_for_fun 94 2 n
49.0 50.0 98.0 89 9.0 Language 94 2 n
24.0 30.0 80.0 62 18.0 Science 94 2 y
8.0 12.0 66.6666666667 45 21.6666666667 Television 94 2 n
15.0 15.0 100.0 89 11.0 Entertainment 94 2 n
24.0 30.0 80.0 61 19.0 Miscellaneous 94 2 n
3.0 3.0 100.0 99 1.0 Just_for_fun 94 2 n
8.0 18.0 44.4444444444 50 -5.55555555556 Movies 94 2 n
17.0 22.0 77.2727272727 79 -1.72727272727 Science 94 2 n
19.0 19.0 100.0 96 4.0 Miscellaneous 94 2 n
43.0 60.0 71.6666666667 78 -6.33333333333 Geography 94 2 n
38.0 71.0 53.5211267606 46 7.52112676056 Literature 94 2 n
4.0 14.0 28.5714285714 48 -19.4285714286 Music 94 1 n
12.0 16.0 75.0 48 27.0 Language 94 2 n
53.0 60.0 88.3333333333 57 31.3333333333 Music 94 2 n
15.0 20.0 75.0 82 -7.0 Geography 97 2 n
15.0 15.0 100.0 84 16.0 Movies 97 2 n
21.0 30.0 70.0 54 16.0 Just_for_fun 97 2 n
27.0 40.0 67.5 63 4.5 Music 97 2 n
17.0 25.0 68.0 59 9.0 Just_for_fun 97 2 n
13.0 27.0 48.1481481481 54 -5.85185185185 Geography 97 2 n
19.0 20.0 95.0 94 1.0 History 97 2 n
30.0 30.0 100.0 56 44.0 Just_for_fun 97 2 n
19.0 26.0 73.0769230769 49 24.0769230769 Science 97 2 n
19.0 36.0 52.7777777778 64 -11.2222222222 Just_for_fun 97 2 n
17.0 20.0 85.0 79 6.0 Just_for_fun 97 2 n
19.0 20.0 95.0 77 18.0 Geography 97 2 n
13.0 15.0 86.6666666667 73 13.6666666667 Entertainment 97 2 n
48.0 121.0 39.6694214876 34 5.6694214876 Miscellaneous 97 2 n
20.0 20.0 100.0 92 8.0 Holiday 98 3 n
11.0 15.0 73.3333333333 76 -2.66666666667 Just_for_fun 98 3 n
18.0 20.0 90.0 73 17.0 Just_for_fun 98 3 n
46.0 46.0 100.0 55 45.0 Music 98 3 n
17.0 17.0 100.0 73 27.0 Holiday 98 3 n
9.0 15.0 60.0 57 3.0 History 98 3 n
100.0 100.0 100.0 60 40.0 Television 98 3 n
9.0 13.0 69.2307692308 53 16.2307692308 Science 98 3 n
15.0 16.0 93.75 85 8.75 Language 98 3 n
36.0 40.0 90.0 75 15.0 Television 98 3 n
14.0 14.0 100.0 91 9.0 Just_for_fun 98 3 n
151.0 151.0 100.0 77 23.0 Gaming 98 3 n
20.0 25.0 80.0 76 4.0 Movies 98 3 n
42.0 100.0 42.0 43 -1.0 Miscellaneous 98 3 n
31.0 40.0 77.5 79 -1.5 Miscellaneous 99 5 n
8.0 18.0 44.4444444444 60 -15.5555555556 Movies 99 5 n
24.0 31.0 77.4193548387 60 17.4193548387 Geography 99 2 n
11.0 16.0 68.75 66 2.75 Television 99 3 n
23.0 25.0 92.0 78 14.0 Movies 99 2 n
15.0 24.0 62.5 75 -12.5 Geography 99 2 n
25.0 28.0 89.2857142857 75 14.2857142857 Language 99 2 n
12.0 24.0 50.0 57 -7.0 Television 99 2 n
33.0 56.0 58.9285714286 43 15.9285714286 Movies 99 2 n
11.0 12.0 91.6666666667 76 15.6666666667 Science 99 2 n
11.0 15.0 73.3333333333 62 11.3333333333 History 99 2 n
14.0 25.0 56.0 62 -6.0 Geography 99 2 n
24.0 30.0 80.0 81 -1.0 Language 99 2 n
18.0 18.0 100.0 61 39.0 Just_for_fun 99 2 n
23.0 30.0 76.6666666667 52 24.6666666667 Television 99 2 n
0.0 10.0 0.0 41 -41.0 Geography 100 2 n
16.0 16.0 100.0 88 12.0 Sports 100 2 n
6.0 12.0 50.0 71 -21.0 Just_for_fun 100 2 n
32.0 32.0 100.0 50 50.0 Language 100 2 n
13.0 15.0 86.6666666667 53 33.6666666667 Just_for_fun 100 2 n
17.0 18.0 94.4444444444 69 25.4444444444 Geography 100 2 n
11.0 12.0 91.6666666667 84 7.66666666667 Geography 100 2 n
4.0 6.0 66.6666666667 63 3.66666666667 Geography 100 2 n
6.0 10.0 60.0 53 7.0 Just_for_fun 100 2 n
11.0 41.0 26.8292682927 31 -4.17073170732 Geography 100 2 n
41.0 47.0 87.2340425532 31 56.2340425532 Geography 100 2 n
15.0 20.0 75.0 60 15.0 Movies 100 2 n
19.0 20.0 95.0 61 34.0 Movies 101 3 n
13.0 13.0 100.0 78 22.0 Geography 101 3 n
16.0 20.0 80.0 54 26.0 Just_for_fun 101 3 n
18.0 36.0 50.0 63 -13.0 Movies 101 3 n
3.0 12.0 25.0 38 -13.0 Gaming 101 3 n
22.0 24.0 91.6666666667 77 14.6666666667 Language 101 3 n
17.0 18.0 94.4444444444 74 20.4444444444 Language 101 3 n
13.0 20.0 65.0 78 -13.0 Geography 101 3 n
6.0 20.0 30.0 54 -24.0 Sports 101 3 n
11.0 24.0 45.8333333333 63 -17.1666666667 Movies 101 2 n
15.0 24.0 62.5 68 -5.5 Entertainment 101 2 n
18.0 33.0 54.5454545455 26 28.5454545455 Movies 101 2 n
11.0 15.0 73.3333333333 76 -2.66666666667 Geography 104 4 n
14.0 15.0 93.3333333333 71 22.3333333333 Just_for_fun 104 4 n
14.0 16.0 87.5 50 37.5 Entertainment 104 4 n
11.0 18.0 61.1111111111 47 14.1111111111 Just_for_fun 104 4 n
9.0 10.0 90.0 64 26.0 Literature 104 4 n
17.0 25.0 68.0 70 -2.0 Music 104 4 n
16.0 16.0 100.0 64 36.0 Science 104 4 n
19.0 20.0 95.0 74 21.0 Literature 104 2 n
14.0 18.0 77.7777777778 80 -2.22222222222 Just_for_fun 104 2 n
14.0 25.0 56.0 45 11.0 Gaming 104 2 n
13.0 17.0 76.4705882353 68 8.47058823529 Geography 104 3 n
20.0 20.0 100.0 34 66.0 Just_for_fun 104 3 n
13.0 16.0 81.25 64 17.25 Geography 104 3 n
18.0 20.0 90.0 80 10.0 Geography 104 3 n
4.0 26.0 15.3846153846 22 -6.61538461538 Miscellaneous 104 3 n
0.0 25.0 0.0 56 -56.0 Just_for_fun 104 3 n
29.0 30.0 96.6666666667 67 29.6666666667 Language 104 3 n
14.0 24.0 58.3333333333 53 5.33333333333 Entertainment 104 3 n
19.0 20.0 95.0 72 23.0 Miscellaneous 104 3 n
7.0 7.0 100.0 67 33.0 Geography 104 3 n
15.0 20.0 75.0 59 16.0 History 104 3 n
15.0 15.0 100.0 47 53.0 Science 104 4 n
25.0 25.0 100.0 39 61.0 Holiday 104 2 n
4.0 4.0 100.0 76 24.0 Geography 105 2 n
14.0 15.0 93.3333333333 68 25.3333333333 Science 105 2 n
25.0 25.0 100.0 87 13.0 Language 105 2 n
25.0 25.0 100.0 33 67.0 Geography 105 1 n
20.0 20.0 100.0 97 3.0 Science 105 1 n
10.0 10.0 100.0 86 14.0 Just_for_fun 105 1 n
10.0 20.0 50.0 53 -3.0 Language 105 2 n
11.0 12.0 91.6666666667 78 13.6666666667 Literature 105 2 n
18.0 24.0 75.0 64 11.0 Miscellaneous 105 2 n
17.0 24.0 70.8333333333 57 13.8333333333 Geography 105 2 n
16.0 21.0 76.1904761905 59 17.1904761905 Science 105 2 n
36.0 60.0 60.0 43 17.0 Language 105 2 n
5.0 24.0 20.8333333333 54 -33.1666666667 Geography 105 2 n
24.0 40.0 60.0 76 -16.0 Music 105 2 n
30.0 30.0 100.0 89 11.0 Geography 105 2 n
48.0 50.0 96.0 68 28.0 Gaming 105 2 n
10.0 15.0 66.6666666667 50 16.6666666667 Just_for_fun 105 2 n
11.0 20.0 55.0 67 -12.0 Television 105 2 n
4.0 8.0 50.0 37 13.0 Music 105 2 n
15.0 20.0 75.0 60 15.0 Movies 105 2 n
18.0 18.0 100.0 85 15.0 Religion 105 2 n
21.0 47.0 44.6808510638 84 -39.3191489362 Geography 106 2 n
8.0 10.0 80.0 65 15.0 Just_for_fun 106 2 n
115.0 125.0 92.0 67 25.0 Just_for_fun 106 2 n
21.0 22.0 95.4545454545 77 18.4545454545 Movies 106 2 n
31.0 32.0 96.875 74 22.875 Language 106 2 n
11.0 12.0 91.6666666667 85 6.66666666667 Holiday 106 2 n
27.0 30.0 90.0 64 26.0 Miscellaneous 106 2 n
26.0 32.0 81.25 73 8.25 Geography 106 2 n
14.0 24.0 58.3333333333 64 -5.66666666667 Entertainment 106 2 n
25.0 25.0 100.0 76 24.0 Television 106 2 n
27.0 30.0 90.0 71 19.0 Movies 106 2 n
14.0 40.0 35.0 39 -4.0 Movies 106 2 n
25.0 25.0 100.0 62 38.0 Miscellaneous 107 2 n
19.0 20.0 95.0 77 18.0 Just_for_fun 107 3 n
21.0 25.0 84.0 54 30.0 Movies 107 3 n
11.0 30.0 36.6666666667 46 -9.33333333333 Geography 107 3 n
33.0 55.0 60.0 37 23.0 Movies 107 3 n
17.0 25.0 68.0 65 3.0 Entertainment 107 3 n
4.0 4.0 100.0 76 24.0 Science 107 3 n
20.0 20.0 100.0 73 27.0 Geography 107 3 n
9.0 15.0 60.0 47 13.0 History 107 1 n
24.0 30.0 80.0 69 11.0 Miscellaneous 107 2 n
18.0 20.0 90.0 91 -1.0 Music 111 1 n
200.0 200.0 100.0 87 13.0 Music 111 1 n
146.0 150.0 97.33333333333334 56 41.33333333333334 Music 111 1 n
188.0 194.0 96.9072164948 51 45.9072164948 Movies 114 2 n
12.0 16.0 75.0 43 32.0 Literature 114 3 n
30.0 30.0 100.0 79 21.0 Movies 114 3 n
19.0 21.0 90.4761904762 60 30.4761904762 Holiday 114 3 n
21.0 24.0 87.5 80 7.5 Movies 114 3 n
21.0 24.0 87.5 78 9.5 Language 114 3 n
20.0 25.0 80.0 83 -3.0 Entertainment 114 3 n
19.0 20.0 95.0 70 25.0 Just_for_fun 114 3 n
17.0 23.0 73.9130434783 76 -2.08695652174 Literature 115 2 n
249.0 251.0 99.203187251 73 26.203187251 Music 115 2 n
30.0 30.0 100.0 65 35.0 Entertainment 115 2 n
29.0 30.0 96.6666666667 89 7.66666666667 Entertainment 115 2 n
28.0 28.0 100.0 93 7.0 History 115 2 n
44.0 56.0 78.5714285714 74 4.57142857143 Religion 115 2 n
15.0 20.0 75.0 66 9.0 Geography 115 2 n
8.0 15.0 53.3333333333 56 -2.66666666667 Television 115 2 n
22.0 26.0 84.6153846154 71 13.6153846154 Geography 115 2 n
8.0 12.0 66.6666666667 68 -1.33333333333 Geography 115 2 n
8.0 12.0 66.6666666667 68 -1.33333333333 Geography 115 2 n
8.0 12.0 66.6666666667 68 -1.33333333333 Geography 115 2 n
15.0 20.0 75.0 67 8.0 Movies 118 2 n
17.0 21.0 80.9523809524 73 7.95238095238 Miscellaneous 118 2 n
8.0 8.0 100.0 86 14.0 Holiday 118 2 n
31.0 36.0 86.1111111111 74 12.1111111111 Miscellaneous 118 2 n
22.0 25.0 88.0 89 -1.0 Music 118 2 n
10.0 20.0 50.0 61 -11.0 Movies 118 2 n
42.0 121.0 34.7107438017 18 16.7107438017 Literature 118 2 n
18.0 18.0 100.0 74 26.0 Just_for_fun 118 2 n
18.0 19.0 94.7368421053 82 12.7368421053 Geography 118 2 n
18.0 20.0 90.0 78 12.0 Sports 118 2 n
30.0 30.0 100.0 30 70.0 Holiday 118 2 n
26.0 30.0 86.6666666667 74 12.6666666667 Religion 118 2 n
18.0 24.0 75.0 72 3.0 Television 118 2 n
10.0 15.0 66.6666666667 83 -16.3333333333 Miscellaneous 119 1 n
12.0 14.0 85.7142857143 65 20.7142857143 History 119 2 n
24.0 24.0 100.0 67 33.0 Language 119 2 n
20.0 24.0 83.3333333333 67 16.3333333333 Just_for_fun 119 2 n
15.0 16.0 93.75 86 7.75 Just_for_fun 119 2 n
18.0 18.0 100.0 58 42.0 Just_for_fun 119 2 n
8.0 15.0 53.3333333333 73 -19.6666666667 Religion 119 2 n
6.0 6.0 100.0 63 37.0 Geography 119 2 n
49.0 69.0 71.0144927536 57 14.0144927536 Gaming 119 2 n
33.0 35.0 94.2857142857 64 30.2857142857 Language 119 2 n
15.0 15.0 100.0 70 30.0 Miscellaneous 119 2 n
23.0 25.0 92.0 73 19.0 Television 119 2 n
21.0 25.0 84.0 67 17.0 Movies 119 2 n
19.0 20.0 95.0 92 3.0 Just_for_fun 119 2 n
20.0 31.0 64.5161290323 52 12.5161290323 History 119 2 n
9.0 12.0 75.0 84 -9.0 Geography 119 2 n
53.0 55.0 96.3636363636 87 9.36363636364 Miscellaneous 120 2 n
20.0 20.0 100.0 93 7.0 Miscellaneous 120 2 n
9.0 20.0 45.0 52 -7.0 Religion 120 2 n
17.0 20.0 85.0 79 6.0 Gaming 120 2 n
9.0 10.0 90.0 65 25.0 Just_for_fun 120 2 n
14.0 16.0 87.5 69 18.5 Miscellaneous 120 2 n
15.0 15.0 100.0 95 5.0 Holiday 120 2 n
48.0 50.0 96.0 90 6.0 Geography 120 2 n
18.0 24.0 75.0 69 6.0 Language 120 2 n
19.0 22.0 86.3636363636 72 14.3636363636 Entertainment 120 2 n
9.0 20.0 45.0 57 -12.0 Geography 120 2 n
19.0 24.0 79.1666666667 75 4.16666666667 Religion 120 2 n
16.0 20.0 80.0 50 30.0 Language 120 2 n
17.0 26.0 65.3846153846 64 1.38461538462 Language 120 2 n
17.0 20.0 85.0 79 6.0 Gaming 120 2 n
10.0 14.0 71.4285714286 50 21.4285714286 Geography 120 2 n
6.0 25.0 24.0 23 1.0 Literature 121 3 n
50.0 50.0 100.0 89 11.0 Language 121 3 n
17.0 20.0 85.0 79 6.0 Television 121 3 n
17.0 20.0 85.0 76 9.0 Television 121 3 n
16.0 16.0 100.0 96 4.0 Just_for_fun 121 3 n
9.0 9.0 100.0 95 5.0 Literature 121 3 n
12.0 15.0 80.0 54 26.0 Just_for_fun 121 3 n
15.0 25.0 60.0 46 14.0 Movies 121 3 n
8.0 16.0 50.0 69 -19.0 Just_for_fun 121 2 n
11.0 34.0 32.3529411765 43 -10.6470588235 Science 121 2 n
17.0 17.0 100.0 71 29.0 Science 121 2 n
20.0 20.0 100.0 83 17.0 Language 121 2 n
22.0 28.0 78.5714285714 78 0.571428571429 Entertainment 121 2 n
14.0 15.0 93.3333333333 88 5.33333333333 Geography 122 2 n
15.0 15.0 100.0 87 13.0 Movies 122 2 n
9.0 16.0 56.25 66 -9.75 History 122 2 n
31.0 35.0 88.5714285714 78 10.5714285714 Language 122 2 n
24.0 30.0 80.0 67 13.0 Movies 122 2 n
28.0 28.0 100.0 92 8.0 Television 122 2 n
23.0 26.0 88.4615384615 74 14.4615384615 Geography 122 2 n
82.0 145.0 56.5517241379 42 14.5517241379 Literature 122 2 n
49.0 55.0 89.0909090909 64 25.0909090909 History 122 2 n
23.0 33.0 69.696969697 60 9.69696969697 Geography 125 1 n
147.0 151.0 97.3509933775 83 14.3509933775 Gaming 125 1 n
22.0 25.0 88.0 85 3.0 Miscellaneous 125 1 n
10.0 12.0 83.3333333333 79 4.33333333333 Science 125 1 n
20.0 26.0 76.9230769231 83 -6.07692307692 Entertainment 125 1 n
6.0 10.0 60.0 69 -9.0 Geography 125 1 n
12.0 15.0 80.0 79 1.0 Religion 125 1 n
18.0 36.0 50.0 48 2.0 Geography 125 1 n
16.0 16.0 100.0 81 19.0 Gaming 125 1 n
33.0 48.0 68.75 67 1.75 Geography 126 2 n
8.0 8.0 100.0 84 16.0 Sports 126 2 n
8.0 11.0 72.7272727273 84 -11.2727272727 Just_for_fun 126 2 n
10.0 15.0 66.6666666667 76 -9.33333333333 Miscellaneous 126 2 n
45.0 72.0 62.5 76 -13.5 Television 126 1 n
18.0 20.0 90.0 62 28.0 Just_for_fun 126 2 n
23.0 24.0 95.8333333333 77 18.8333333333 Just_for_fun 126 2 n
14.0 20.0 70.0 60 10.0 Language 126 2 n
21.0 25.0 84.0 91 -7.0 Movie 126 2 n
21.0 54.0 38.8888888889 47 -8.11111111111 Geography 126 2 n
19.0 22.0 86.3636363636 60 26.3636363636 Holiday 126 2 n
15.0 20.0 75.0 64 11.0 Movies 126 2 n
12.0 20.0 60.0 62 -2.0 Entertainment 126 2 n
10.0 11.0 90.9090909091 71 19.9090909091 Movies 126 2 n
30.0 40.0 75.0 58 17.0 Miscellaneous 126 2 n
31.0 100.0 31.0 19 12.0 Music 127 2 n
49.0 65.0 75.3846153846 66 9.38461538462 Miscellaneous 127 2 n
22.0 26.0 84.6153846154 65 19.6153846154 Just_for_fun 127 2 n
63.0 117.0 53.8461538462 45 8.84615384615 Music 127 2 n
26.0 26.0 100.0 83 17.0 Just_for_fun 127 2 n
20.0 20.0 100.0 92 8.0 Language 127 2 n
23.0 50.0 46.0 60 -14.0 Gaming 127 2 n
16.0 18.0 88.8888888889 51 37.8888888889 History 127 2 n
26.0 28.0 92.8571428571 69 23.8571428571 Language 127 2 n
8.0 20.0 40.0 65 -25.0 Literature 127 2 n
21.0 21.0 100.0 64 36.0 Miscellaneous 129 1 n
80.0 90.0 88.8888888889 71 17.8888888889 Miscellaneous 129 1 n
49.0 64.0 76.5625 74 2.5625 Language 129 1 n
17.0 20.0 85.0 61 24.0 Language 129 1 n
10.0 15.0 66.6666666667 59 7.66666666667 Miscellaneous 132 2 n
4.0 5.0 80.0 73 7.0 Just_for_fun 132 2 n
146.0 147.0 99.3197278912 83 16.3197278912 Music 132 2 n
19.0 25.0 76.0 33 43.0 Just_for_fun 132 2 n
19.0 20.0 95.0 82 13.0 Television 132 2 n
29.0 50.0 58.0 56 2.0 Literature 132 2 n
18.0 20.0 90.0 81 9.0 Science 132 2 n
23.0 26.0 88.4615384615 53 35.4615384615 Geography 132 2 n
18.0 21.0 85.7142857143 73 12.7142857143 Movies 133 2 n
25.0 36.0 69.4444444444 48 21.4444444444 Science 133 2 n
14.0 25.0 56.0 60 -4.0 Miscellaneous 133 2 n
12.0 20.0 60.0 61 -1.0 History 133 1 n
19.0 20.0 95.0 66 29.0 Just_for_fun 133 2 n
25.0 30.0 83.3333333333 67 16.3333333333 Miscellaneous 133 2 n
34.0 57.0 59.649122807 28 31.649122807 Movies 133 2 n
52.0 75.0 69.3333333333 51 18.3333333333 Movies 133 2 n
51.0 83.0 61.4457831325 47 14.4457831325 Movies 133 2 n
27.0 30.0 90.0 73 17.0 Science 134 4 y
60.0 60.0 100.0 67 33.0 Miscellaneous 134 4 n
32.0 32.0 100.0 89 11.0 Literature 134 4 n
14.0 20.0 70.0 58 12.0 Gaming 134 4 n
16.0 20.0 80.0 63 17.0 Just_for_fun 134 4 n
16.0 22.0 72.7272727273 70 2.72727272727 History 134 4 n
54.0 78.0 69.2307692308 49 20.2307692308 Movies 134 4 n
4.0 5.0 80.0 82 -2.0 Language 134 2 n
65.0 75.0 86.6666666667 43 43.6666666667 Miscellaneous 134 2 n
25.0 25.0 100.0 94 6.0 Language 134 2 n
7.0 10.0 70.0 74 -4.0 Geography 135 3 n
20.0 20.0 100.0 87 13.0 Language 135 3 n
9.0 20.0 45.0 47 -2.0 Movies 135 3 n
11.0 15.0 73.3333333333 78 -4.66666666667 History 135 3 n
197.0 197.0 100.0 74 26.0 Geography 135 3 n
14.0 22.0 63.6363636364 69 -5.36363636364 Movies 135 3 n
46.0 80.0 57.5 53 4.5 Movies 135 3 n
14.0 23.0 60.8695652174 54 6.86956521739 Gaming 135 1 n
25.0 25.0 100.0 91 9.0 Science 135 2 n
20.0 24.0 83.3333333333 67 16.3333333333 Miscellaneous 135 2 n
9.0 9.0 100.0 83 17.0 Movies 135 2 n
14.0 20.0 70.0 58 12.0 Gaming 135 2 n
12.0 15.0 80.0 75 5.0 Language 135 2 n
17.0 25.0 68.0 69 -1.0 Music 135 3 n
17.0 20.0 85.0 73 12.0 Literature 135 3 n
7.0 11.0 63.6363636364 59 4.63636363636 Geography 135 3 n
13.0 19.0 68.4210526316 35 33.4210526316 Just_for_fun 135 3 n
12.0 15.0 80.0 73 7.0 Miscellaneous 135 3 n
11.0 29.0 37.9310344828 37 0.931034482759 Entertainment 135 3 n
10.0 20.0 50.0 47 3.0 Movies 135 3 y
3.0 3.0 100.0 81 19.0 Science 135 1 n
11.0 15.0 73.3333333333 62 11.3333333333 Just_for_fun 135 3 n
10.0 10.0 100.0 78 22.0 Just_for_fun 135 3 n
48.0 90.0 53.3333333333 70 -16.6666666667 Geography 135 3 n
17.0 20.0 85.0 65 20.0 Movies 136 2 n
8.0 10.0 80.0 56 24.0 Entertainment 136 2 n
15.0 20.0 75.0 60 15.0 Movies 136 2 n
40.0 44.0 90.9090909091 78 12.9090909091 Geography 136 2 n
14.0 21.0 66.6666666667 60 6.66666666667 Language 136 2 n
18.0 20.0 90.0 72 18.0 Just_for_fun 136 2 n
15.0 20.0 75.0 67 8.0 Religion 136 2 n
17.0 21.0 80.9523809524 90 -9.04761904762 Science 136 2 n
18.0 18.0 100.0 87 13.0 Just_for_fun 139 1 n
22.0 25.0 88.0 85 3.0 Geography 139 1 n
24.0 36.0 66.6666666667 74 -7.33333333333 Miscellaneous 139 1 n
17.0 24.0 70.8333333333 80 -9.16666666667 Geography 139 2 n
46.0 47.0 97.8723404255 74 23.8723404255 Geography 139 2 n
17.0 25.0 68.0 58 10.0 Movies 139 2 n
25.0 25.0 100.0 67 33.0 Just_for_fun 140 1 n
19.0 20.0 95.0 87 8.0 Miscellaneous 140 2 n
18.0 20.0 90.0 82 8.0 Geography 140 1 n
34.0 60.0 56.6666666667 48 8.66666666667 History 140 1 n
33.0 60.0 55.0 68 -13.0 Geography 140 2 n
12.0 15.0 80.0 74 6.0 Language 140 2 n
11.0 15.0 73.3333333333 71 2.33333333333 Language 140 2 n
14.0 20.0 70.0 67 3.0 Miscellaneous 140 2 n
7.0 17.0 41.1764705882 41 0.176470588235 Movies 140 2 n
49.0 81.0 60.4938271605 56 4.49382716049 Movies 140 2 n
30.0 30.0 100.0 30 70.0 Movies 141 2 n
131.0 197.0 66.4974619289 69 -2.50253807107 Geography 142 3 n
18.0 20.0 90.0 72 18.0 Just_for_fun 142 3 n
29.0 30.0 96.6666666667 81 15.6666666667 Just_for_fun 142 3 n
23.0 30.0 76.6666666667 56 20.6666666667 Miscellaneous 142 3 n
13.0 25.0 52.0 67 -15.0 Science 142 3 n
18.0 20.0 90.0 82 8.0 Just_for_fun 142 3 n
62.0 78.0 79.4871794872 56 23.4871794872 Movies 142 3 n
61.0 88.0 69.3181818182 57 12.3181818182 Movies 142 3 n
38.0 76.0 50.0 47 3.0 Movies 142 3 n
47.0 100.0 47.0 38 9.0 Miscellaneous 142 3 n
6.0 7.0 85.7142857143 84 1.71428571429 Geography 143 3 n
19.0 28.0 67.8571428571 46 21.8571428571 Language 143 3 n
17.0 20.0 85.0 77 8.0 Miscellaneous 143 3 n
7.0 7.0 100.0 87 13.0 Gaming 143 3 n
14.0 15.0 93.3333333333 83 10.3333333333 Movies 143 3 n
24.0 25.0 96.0 77 19.0 Movies 143 3 n
10.0 17.0 58.8235294118 72 -13.1764705882 Language 143 2 n
9.0 11.0 81.8181818182 69 12.8181818182 Holiday 143 3 n
15.0 15.0 100.0 68 32.0 Gaming 143 3 n
9.0 11.0 81.8181818182 69 12.8181818182 Holiday 143 3 n
17.0 20.0 85.0 56 29.0 Miscellaneous 146 3 n
3.0 8.0 37.5 64 -26.5 Geography 146 3 n
21.0 32.0 65.625 46 19.625 Entertainment 146 3 n
17.0 18.0 94.4444444444 71 23.4444444444 Gaming 146 3 n
39.0 42.0 92.8571428571 83 9.85714285714 Just_for_fun 146 3 n
20.0 30.0 66.6666666667 51 15.6666666667 Just_for_fun 146 3 n
53.0 81.0 65.4320987654 34 31.4320987654 Gaming 146 2 n
16.0 20.0 80.0 83 -3.0 Just_for_fun 146 3 n
13.0 20.0 65.0 66 -1.0 Movies 146 3 n
